%YAML:1.0
Template 0:
   ID: 0
   R: !!opencv-matrix
      rows: 3
      cols: 3
      dt: d
      data: [ 9.7591209808210677e-01, 1.8928907698039507e-01,
          -1.0846760877280766e-01, -2.1812397022228472e-01,
          8.3705350158926939e-01, -5.0176027053923977e-01,
          -4.1845467435124026e-03, 5.1333330382223741e-01,
          8.5817912393363360e-01 ]
   T: !!opencv-matrix
      rows: 3
      cols: 1
      dt: d
      data: [ -2.0922734402120113e-03, 2.5666666030883789e-01,
          4.2908957600593567e-01 ]
   K: !!opencv-matrix
      rows: 3
      cols: 3
      dt: f
      data: [ 5.35566040e+02, 0., 320., 0., 5.37168091e+02, 240., 0., 0.,
          1. ]
   D: 4.6999990940093994e-02
   Ori_dist: 5.0000000000000000e-01
   Rect: [ 253, 148, 134, 184 ]
Template 1:
   ID: 1
   R: !!opencv-matrix
      rows: 3
      cols: 3
      dt: d
      data: [ 9.9896262439632921e-01, 4.1060648606563818e-02,
          -1.9690053204778089e-02, -4.5344951513372055e-02,
          8.5720647589886723e-01, -5.1297260457971328e-01,
          -4.1845467435123991e-03, 5.1333330382223741e-01,
          8.5817912393363338e-01 ]
   T: !!opencv-matrix
      rows: 3
      cols: 1
      dt: d
      data: [ -2.0922734402120113e-03, 2.5666666030883789e-01,
          4.2908957600593567e-01 ]
   K: !!opencv-matrix
      rows: 3
      cols: 3
      dt: f
      data: [ 5.35566040e+02, 0., 320., 0., 5.37168091e+02, 240., 0., 0.,
          1. ]
   D: 4.6999990940093994e-02
   Ori_dist: 5.0000000000000000e-01
   Rect: [ 259, 154, 117, 172 ]
Template 2:
   ID: 2
   R: !!opencv-matrix
      rows: 3
      cols: 3
      dt: d
      data: [ 9.9166022471592719e-01, -1.0841537146946749e-01,
          6.9685765730846991e-02, 1.2881183286060519e-01,
          8.5131370623060254e-01, -5.0859855023289979e-01,
          -4.1845467435124035e-03, 5.1333330382223741e-01,
          8.5817912393363349e-01 ]
   T: !!opencv-matrix
      rows: 3
      cols: 1
      dt: d
      data: [ -2.0922734402120113e-03, 2.5666666030883789e-01,
          4.2908957600593567e-01 ]
   K: !!opencv-matrix
      rows: 3
      cols: 3
      dt: f
      data: [ 5.35566040e+02, 0., 320., 0., 5.37168091e+02, 240., 0., 0.,
          1. ]
   D: 4.6999990940093994e-02
   Ori_dist: 5.0000000000000000e-01
   Rect: [ 259, 151, 124, 178 ]
Template 3:
   ID: 3
   R: !!opencv-matrix
      rows: 3
      cols: 3
      dt: d
      data: [ 9.5422672398719510e-01, -2.5459740942783665e-01,
          1.5694431605286077e-01, 2.9905492605408973e-01,
          8.1955419485204362e-01, -4.8877098205928887e-01,
          -4.1845467435123610e-03, 5.1333330382223730e-01,
          8.5817912393363338e-01 ]
   T: !!opencv-matrix
      rows: 3
      cols: 1
      dt: d
      data: [ -2.0922734402120113e-03, 2.5666666030883789e-01,
          4.2908957600593567e-01 ]
   K: !!opencv-matrix
      rows: 3
      cols: 3
      dt: f
      data: [ 5.35566040e+02, 0., 320., 0., 5.37168091e+02, 240., 0., 0.,
          1. ]
   D: 4.6999990940093994e-02
   Ori_dist: 5.0000000000000000e-01
   Rect: [ 247, 146, 146, 188 ]
Template 4:
   ID: 4
   R: !!opencv-matrix
      rows: 3
      cols: 3
      dt: d
      data: [ 8.8779954181576648e-01, -3.9304358049364957e-01,
          2.3943416085522723e-01, 4.6021132441549745e-01,
          7.6289295646222788e-01, -4.5409236269734271e-01,
          -4.1845467435123462e-03, 5.1333330382223730e-01,
          8.5817912393363327e-01 ]
   T: !!opencv-matrix
      rows: 3
      cols: 1
      dt: d
      data: [ -2.0922734402120113e-03, 2.5666666030883789e-01,
          4.2908957600593567e-01 ]
   K: !!opencv-matrix
      rows: 3
      cols: 3
      dt: f
      data: [ 5.35566040e+02, 0., 320., 0., 5.37168091e+02, 240., 0., 0.,
          1. ]
   D: 4.6999990940093994e-02
   Ori_dist: 5.0000000000000000e-01
   Rect: [ 238, 144, 164, 193 ]
Template 5:
   ID: 5
   R: !!opencv-matrix
      rows: 3
      cols: 3
      dt: d
      data: [ 7.9439700676833458e-01, -5.1954734520269175e-01,
          3.1464893410012706e-01, 6.0738446243385436e-01,
          6.8305159049648800e-01, -4.0561636987941679e-01,
          -4.1845467435123749e-03, 5.1333330382223730e-01,
          8.5817912393363338e-01 ]
   T: !!opencv-matrix
      rows: 3
      cols: 1
      dt: d
      data: [ -2.0922734402120113e-03, 2.5666666030883789e-01,
          4.2908957600593567e-01 ]
   K: !!opencv-matrix
      rows: 3
      cols: 3
      dt: f
      data: [ 5.35566040e+02, 0., 320., 0., 5.37168091e+02, 240., 0., 0.,
          1. ]
   D: 4.6999990940093994e-02
   Ori_dist: 5.0000000000000000e-01
   Rect: [ 230, 144, 180, 192 ]
Template 6:
   ID: 6
   R: !!opencv-matrix
      rows: 3
      cols: 3
      dt: d
      data: [ 6.7685701432719592e-01, -6.3026500606867164e-01,
          3.8030330564081577e-01, 7.3610262309315644e-01,
          5.8245595654281379e-01, -3.4481587400114028e-01,
          -4.1845467435123471e-03, 5.1333330382223730e-01,
          8.5817912393363338e-01 ]
   T: !!opencv-matrix
      rows: 3
      cols: 1
      dt: d
      data: [ -2.0922734402120113e-03, 2.5666666030883789e-01,
          4.2908957600593567e-01 ]
   K: !!opencv-matrix
      rows: 3
      cols: 3
      dt: f
      data: [ 5.35566040e+02, 0., 320., 0., 5.37168091e+02, 240., 0., 0.,
          1. ]
   D: 4.6999990940093994e-02
   Ori_dist: 5.0000000000000000e-01
   Rect: [ 226, 147, 189, 186 ]
Template 7:
   ID: 7
   R: !!opencv-matrix
      rows: 3
      cols: 3
      dt: d
      data: [ 5.3875106685242435e-01, -7.2183232914387141e-01,
          4.3440232108968796e-01, 8.4245461452467940e-01,
          4.6416269538781391e-01, -2.7353832396282901e-01,
          -4.1845467435123471e-03, 5.1333330382223741e-01,
          8.5817912393363338e-01 ]
   T: !!opencv-matrix
      rows: 3
      cols: 1
      dt: d
      data: [ -2.0922734402120113e-03, 2.5666666030883789e-01,
          4.2908957600593567e-01 ]
   K: !!opencv-matrix
      rows: 3
      cols: 3
      dt: f
      data: [ 5.35566040e+02, 0., 320., 0., 5.37168091e+02, 240., 0., 0.,
          1. ]
   D: 4.6999990940093994e-02
   Ori_dist: 5.0000000000000000e-01
   Rect: [ 224, 153, 192, 174 ]
Template 8:
   ID: 8
   R: !!opencv-matrix
      rows: 3
      cols: 3
      dt: d
      data: [ 3.8427543051094004e-01, -7.9146711211060439e-01,
          4.7530222380389919e-01, 9.2320901375267317e-01,
          3.3176607667790103e-01, -1.9394944519531379e-01,
          -4.1845467435123749e-03, 5.1333330382223730e-01,
          8.5817912393363338e-01 ]
   T: !!opencv-matrix
      rows: 3
      cols: 1
      dt: d
      data: [ -2.0922734402120113e-03, 2.5666666030883789e-01,
          4.2908957600593567e-01 ]
   K: !!opencv-matrix
      rows: 3
      cols: 3
      dt: f
      data: [ 5.35566040e+02, 0., 320., 0., 5.37168091e+02, 240., 0., 0.,
          1. ]
   D: 4.6999990940093994e-02
   Ori_dist: 5.0000000000000000e-01
   Rect: [ 225, 162, 191, 156 ]
Template 9:
   ID: 9
   R: !!opencv-matrix
      rows: 3
      cols: 3
      dt: d
      data: [ 2.1812371784304779e-01, -8.3705355054101827e-01,
          5.0176029858987581e-01, 9.7591215449080138e-01,
          1.8928886051118179e-01, -1.0846747901329927e-01,
          -4.1845467435124017e-03, 5.1333330382223730e-01,
          8.5817912393363327e-01 ]
   T: !!opencv-matrix
      rows: 3
      cols: 1
      dt: d
      data: [ -2.0922734402120113e-03, 2.5666666030883789e-01,
          4.2908957600593567e-01 ]
   K: !!opencv-matrix
      rows: 3
      cols: 3
      dt: f
      data: [ 5.35566040e+02, 0., 320., 0., 5.37168091e+02, 240., 0., 0.,
          1. ]
   D: 4.6999990940093994e-02
   Ori_dist: 5.0000000000000000e-01
   Rect: [ 228, 173, 184, 134 ]
Template 10:
   ID: 10
   R: !!opencv-matrix
      rows: 3
      cols: 3
      dt: d
      data: [ 4.5344486313590275e-02, -8.5720649502001478e-01,
          5.1297261374897807e-01, 9.9896264551258784e-01,
          4.1060249420191854e-02, -1.9689814322223834e-02,
          -4.1845467435123957e-03, 5.1333330382223730e-01,
          8.5817912393363338e-01 ]
   T: !!opencv-matrix
      rows: 3
      cols: 1
      dt: d
      data: [ -2.0922734402120113e-03, 2.5666666030883789e-01,
          4.2908957600593567e-01 ]
   K: !!opencv-matrix
      rows: 3
      cols: 3
      dt: f
      data: [ 5.35566040e+02, 0., 320., 0., 5.37168091e+02, 240., 0., 0.,
          1. ]
   D: 4.6999990940093994e-02
   Ori_dist: 5.0000000000000000e-01
   Rect: [ 235, 184, 171, 117 ]
Template 11:
   ID: 11
   R: !!opencv-matrix
      rows: 3
      cols: 3
      dt: d
      data: [ -1.2881255349871815e-01, -8.5131362744507344e-01,
          5.0859849959221359e-01, 9.9166013110828022e-01,
          -1.0841599011796031e-01, 6.9686135328708682e-02,
          -4.1845467435123887e-03, 5.1333330382223730e-01,
          8.5817912393363338e-01 ]
   T: !!opencv-matrix
      rows: 3
      cols: 1
      dt: d
      data: [ -2.0922734402120113e-03, 2.5666666030883789e-01,
          4.2908957600593567e-01 ]
   K: !!opencv-matrix
      rows: 3
      cols: 3
      dt: f
      data: [ 5.35566040e+02, 0., 320., 0., 5.37168091e+02, 240., 0., 0.,
          1. ]
   D: 4.6999990940093994e-02
   Ori_dist: 5.0000000000000000e-01
   Rect: [ 231, 177, 178, 124 ]
Template 12:
   ID: 12
   R: !!opencv-matrix
      rows: 3
      cols: 3
      dt: d
      data: [ -2.9905557210082540e-01, -8.1955402247998799e-01,
          4.8877087580206702e-01, 9.5422652151572462e-01,
          -2.5459796429629655e-01, 1.5694464696886706e-01,
          -4.1845467435124026e-03, 5.1333330382223730e-01,
          8.5817912393363349e-01 ]
   T: !!opencv-matrix
      rows: 3
      cols: 1
      dt: d
      data: [ -2.0922734402120113e-03, 2.5666666030883789e-01,
          4.2908957600593567e-01 ]
   K: !!opencv-matrix
      rows: 3
      cols: 3
      dt: f
      data: [ 5.35566040e+02, 0., 320., 0., 5.37168091e+02, 240., 0., 0.,
          1. ]
   D: 4.6999990940093994e-02
   Ori_dist: 5.0000000000000000e-01
   Rect: [ 226, 167, 188, 146 ]
Template 13:
   ID: 13
   R: !!opencv-matrix
      rows: 3
      cols: 3
      dt: d
      data: [ -4.6021194152070388e-01, -7.6289268325928528e-01,
          4.5409219626766528e-01, 8.8779922192480853e-01,
          -3.9304411077688783e-01, 2.3943447649265120e-01,
          -4.1845467435124573e-03, 5.1333330382223719e-01,
          8.5817912393363316e-01 ]
   T: !!opencv-matrix
      rows: 3
      cols: 1
      dt: d
      data: [ -2.0922734402120113e-03, 2.5666666030883789e-01,
          4.2908957600593567e-01 ]
   K: !!opencv-matrix
      rows: 3
      cols: 3
      dt: f
      data: [ 5.35566040e+02, 0., 320., 0., 5.37168091e+02, 240., 0., 0.,
          1. ]
   D: 4.6999990940093994e-02
   Ori_dist: 5.0000000000000000e-01
   Rect: [ 224, 157, 192, 165 ]
Template 14:
   ID: 14
   R: !!opencv-matrix
      rows: 3
      cols: 3
      dt: d
      data: [ -6.0738504320168030e-01, -6.8305121066548535e-01,
          4.0561613984567663e-01, 7.9439656272131753e-01,
          -5.1954784456810266e-01, 3.1464923063817329e-01,
          -4.1845467435124017e-03, 5.1333330382223719e-01,
          8.5817912393363327e-01 ]
   T: !!opencv-matrix
      rows: 3
      cols: 1
      dt: d
      data: [ -2.0922734402120113e-03, 2.5666666030883789e-01,
          4.2908957600593567e-01 ]
   K: !!opencv-matrix
      rows: 3
      cols: 3
      dt: f
      data: [ 5.35566040e+02, 0., 320., 0., 5.37168091e+02, 240., 0., 0.,
          1. ]
   D: 4.6999990940093994e-02
   Ori_dist: 5.0000000000000000e-01
   Rect: [ 224, 150, 192, 180 ]
Template 15:
   ID: 15
   R: !!opencv-matrix
      rows: 3
      cols: 3
      dt: d
      data: [ -7.3610293254054882e-01, -5.8245566839635432e-01,
          3.4481570013292678e-01, 6.7685667779357528e-01,
          -6.3026527235752328e-01, 3.8030346328470566e-01,
          -4.1845467435124304e-03, 5.1333330382223730e-01,
          8.5817912393363338e-01 ]
   T: !!opencv-matrix
      rows: 3
      cols: 1
      dt: d
      data: [ -2.0922734402120113e-03, 2.5666666030883789e-01,
          4.2908957600593567e-01 ]
   K: !!opencv-matrix
      rows: 3
      cols: 3
      dt: f
      data: [ 5.35566040e+02, 0., 320., 0., 5.37168091e+02, 240., 0., 0.,
          1. ]
   D: 4.6999990940093994e-02
   Ori_dist: 5.0000000000000000e-01
   Rect: [ 228, 145, 185, 190 ]
Template 16:
   ID: 16
   R: !!opencv-matrix
      rows: 3
      cols: 3
      dt: d
      data: [ -8.4245469182138444e-01, -4.6416259182371372e-01,
          2.7353826163743344e-01, 5.3875094598217443e-01,
          -7.2183239573909364e-01, 4.3440236033529206e-01,
          -4.1845467435124026e-03, 5.1333330382223730e-01,
          8.5817912393363338e-01 ]
   T: !!opencv-matrix
      rows: 3
      cols: 1
      dt: d
      data: [ -2.0922734402120113e-03, 2.5666666030883789e-01,
          4.2908957600593567e-01 ]
   K: !!opencv-matrix
      rows: 3
      cols: 3
      dt: f
      data: [ 5.35566040e+02, 0., 320., 0., 5.37168091e+02, 240., 0., 0.,
          1. ]
   D: 4.6999990940093994e-02
   Ori_dist: 5.0000000000000000e-01
   Rect: [ 234, 143, 173, 194 ]
Template 17:
   ID: 17
   R: !!opencv-matrix
      rows: 3
      cols: 3
      dt: d
      data: [ 9.7579764592294005e-01, 1.8972775176204898e-01,
          -1.0873055882578227e-01, -2.1863541291329944e-01,
          8.3695419697341988e-01, -5.0170332706571596e-01,
          -4.1845467472144265e-03, 5.1333327612760116e-01,
          8.5817914049959543e-01 ]
   T: !!opencv-matrix
      rows: 3
      cols: 1
      dt: d
      data: [ -2.5107283145189285e-03, 3.0799999833106995e-01,
          5.1490753889083862e-01 ]
   K: !!opencv-matrix
      rows: 3
      cols: 3
      dt: f
      data: [ 5.35566040e+02, 0., 320., 0., 5.37168091e+02, 240., 0., 0.,
          1. ]
   D: 4.7000050544738770e-02
   Ori_dist: 6.0000002384185791e-01
   Rect: [ 264, 163, 112, 154 ]
Template 18:
   ID: 18
   R: !!opencv-matrix
      rows: 3
      cols: 3
      dt: d
      data: [ 9.9893869511794542e-01, 4.1510406197320243e-02,
          -1.9959197714085573e-02, -4.5869085063655439e-02,
          8.5718483059223427e-01, -5.1296217525075438e-01,
          -4.1845467472144404e-03, 5.1333327612760127e-01,
          8.5817914049959554e-01 ]
   T: !!opencv-matrix
      rows: 3
      cols: 1
      dt: d
      data: [ -2.5107283145189285e-03, 3.0799999833106995e-01,
          5.1490753889083862e-01 ]
   K: !!opencv-matrix
      rows: 3
      cols: 3
      dt: f
      data: [ 5.35566040e+02, 0., 320., 0., 5.37168091e+02, 240., 0., 0.,
          1. ]
   D: 4.7000050544738770e-02
   Ori_dist: 6.0000002384185791e-01
   Rect: [ 271, 169, 95, 143 ]
Template 19:
   ID: 19
   R: !!opencv-matrix
      rows: 3
      cols: 3
      dt: d
      data: [ 9.9172772305274282e-01, -1.0796836075337689e-01,
          6.9418703566482803e-02, 1.2829112555879665e-01,
          8.5137053078922864e-01, -5.0863504244843816e-01,
          -4.1845467472144343e-03, 5.1333327612760138e-01,
          8.5817914049959554e-01 ]
   T: !!opencv-matrix
      rows: 3
      cols: 1
      dt: d
      data: [ -2.5107283145189285e-03, 3.0799999833106995e-01,
          5.1490753889083862e-01 ]
   K: !!opencv-matrix
      rows: 3
      cols: 3
      dt: f
      data: [ 5.35566040e+02, 0., 320., 0., 5.37168091e+02, 240., 0., 0.,
          1. ]
   D: 4.7000050544738770e-02
   Ori_dist: 6.0000002384185791e-01
   Rect: [ 269, 166, 103, 148 ]
Template 20:
   ID: 20
   R: !!opencv-matrix
      rows: 3
      cols: 3
      dt: d
      data: [ 9.5438369926084810e-01, -2.5416683081372071e-01,
          1.5668751290159894e-01, 2.9855358673728855e-01,
          8.1968784896094049e-01, -4.8885333803921910e-01,
          -4.1845467472144413e-03, 5.1333327612760127e-01,
          8.5817914049959576e-01 ]
   T: !!opencv-matrix
      rows: 3
      cols: 1
      dt: d
      data: [ -2.5107283145189285e-03, 3.0799999833106995e-01,
          5.1490753889083862e-01 ]
   K: !!opencv-matrix
      rows: 3
      cols: 3
      dt: f
      data: [ 5.35566040e+02, 0., 320., 0., 5.37168091e+02, 240., 0., 0.,
          1. ]
   D: 4.7000050544738770e-02
   Ori_dist: 6.0000002384185791e-01
   Rect: [ 259, 161, 122, 158 ]
Template 21:
   ID: 21
   R: !!opencv-matrix
      rows: 3
      cols: 3
      dt: d
      data: [ 8.8804115656884264e-01, -3.9264280584223610e-01,
          2.3919559205848370e-01, 4.5974492254770238e-01,
          7.6309932160921257e-01, -4.5421804406162386e-01,
          -4.1845467472144413e-03, 5.1333327612760127e-01,
          8.5817914049959576e-01 ]
   T: !!opencv-matrix
      rows: 3
      cols: 1
      dt: d
      data: [ -2.5107283145189285e-03, 3.0799999833106995e-01,
          5.1490753889083862e-01 ]
   K: !!opencv-matrix
      rows: 3
      cols: 3
      dt: f
      data: [ 5.35566040e+02, 0., 320., 0., 5.37168091e+02, 240., 0., 0.,
          1. ]
   D: 4.7000050544738770e-02
   Ori_dist: 6.0000002384185791e-01
   Rect: [ 251, 160, 138, 161 ]
Template 22:
   ID: 22
   R: !!opencv-matrix
      rows: 3
      cols: 3
      dt: d
      data: [ 7.9471581777394462e-01, -5.1918863253260472e-01,
          3.1443589621545259e-01, 6.0696726316038763e-01,
          6.8332430914539255e-01, -4.0578150522486967e-01,
          -4.1845467472144968e-03, 5.1333327612760138e-01,
          8.5817914049959565e-01 ]
   T: !!opencv-matrix
      rows: 3
      cols: 1
      dt: d
      data: [ -2.5107283145189285e-03, 3.0799999833106995e-01,
          5.1490753889083862e-01 ]
   K: !!opencv-matrix
      rows: 3
      cols: 3
      dt: f
      data: [ 5.35566040e+02, 0., 320., 0., 5.37168091e+02, 240., 0., 0.,
          1. ]
   D: 4.7000050544738770e-02
   Ori_dist: 6.0000002384185791e-01
   Rect: [ 245, 160, 150, 160 ]
Template 23:
   ID: 23
   R: !!opencv-matrix
      rows: 3
      cols: 3
      dt: d
      data: [ 6.7724314112541006e-01, -6.2995932729187876e-01,
          3.8012231420498310e-01, 7.3574738692509711e-01,
          5.8278657635370068e-01, -3.4501534611495749e-01,
          -4.1845467472144690e-03, 5.1333327612760138e-01,
          8.5817914049959576e-01 ]
   T: !!opencv-matrix
      rows: 3
      cols: 1
      dt: d
      data: [ -2.5107283145189285e-03, 3.0799999833106995e-01,
          5.1490753889083862e-01 ]
   K: !!opencv-matrix
      rows: 3
      cols: 3
      dt: f
      data: [ 5.35566040e+02, 0., 320., 0., 5.37168091e+02, 240., 0., 0.,
          1. ]
   D: 4.7000050544738770e-02
   Ori_dist: 6.0000002384185791e-01
   Rect: [ 241, 163, 158, 155 ]
Template 24:
   ID: 24
   R: !!opencv-matrix
      rows: 3
      cols: 3
      dt: d
      data: [ 5.3919257410462207e-01, -7.2158894834083320e-01,
          4.3425886020068988e-01, 8.4217210687540123e-01,
          4.6454099630977080e-01, -2.7376596784219448e-01,
          -4.1845467472144135e-03, 5.1333327612760138e-01,
          8.5817914049959565e-01 ]
   T: !!opencv-matrix
      rows: 3
      cols: 1
      dt: d
      data: [ -2.5107283145189285e-03, 3.0799999833106995e-01,
          5.1490753889083862e-01 ]
   K: !!opencv-matrix
      rows: 3
      cols: 3
      dt: f
      data: [ 5.35566040e+02, 0., 320., 0., 5.37168091e+02, 240., 0., 0.,
          1. ]
   D: 4.7000050544738770e-02
   Ori_dist: 6.0000002384185791e-01
   Rect: [ 240, 168, 161, 144 ]
Template 25:
   ID: 25
   R: !!opencv-matrix
      rows: 3
      cols: 3
      dt: d
      data: [ 3.8475867651892892e-01, -7.9129333990406958e-01,
          4.7520060086963817e-01, 9.2300771958414463e-01,
          3.3218036944341967e-01, -1.9419822796439373e-01,
          -4.1845467472144413e-03, 5.1333327612760138e-01,
          8.5817914049959576e-01 ]
   T: !!opencv-matrix
      rows: 3
      cols: 1
      dt: d
      data: [ -2.5107283145189285e-03, 3.0799999833106995e-01,
          5.1490753889083862e-01 ]
   K: !!opencv-matrix
      rows: 3
      cols: 3
      dt: f
      data: [ 5.35566040e+02, 0., 320., 0., 5.37168091e+02, 240., 0., 0.,
          1. ]
   D: 4.7000050544738770e-02
   Ori_dist: 6.0000002384185791e-01
   Rect: [ 240, 175, 160, 130 ]
Template 26:
   ID: 26
   R: !!opencv-matrix
      rows: 3
      cols: 3
      dt: d
      data: [ 2.1863397374241275e-01, -8.3695447679549650e-01,
          5.0170348742816118e-01, 9.7579796837978838e-01,
          1.8972651736665852e-01, -1.0872981888054750e-01,
          -4.1845467472144413e-03, 5.1333327612760127e-01,
          8.5817914049959565e-01 ]
   T: !!opencv-matrix
      rows: 3
      cols: 1
      dt: d
      data: [ -2.5107283145189285e-03, 3.0799999833106995e-01,
          5.1490753889083862e-01 ]
   K: !!opencv-matrix
      rows: 3
      cols: 3
      dt: f
      data: [ 5.35566040e+02, 0., 320., 0., 5.37168091e+02, 240., 0., 0.,
          1. ]
   D: 4.7000050544738770e-02
   Ori_dist: 6.0000002384185791e-01
   Rect: [ 243, 184, 154, 112 ]
Template 27:
   ID: 27
   R: !!opencv-matrix
      rows: 3
      cols: 3
      dt: d
      data: [ 4.5866256290251081e-02, -8.5718494813707768e-01,
          5.1296223176872680e-01, 9.9893882500503384e-01,
          4.1507978839493517e-02, -1.9957745118694598e-02,
          -4.1845467472144343e-03, 5.1333327612760127e-01,
          8.5817914049959576e-01 ]
   T: !!opencv-matrix
      rows: 3
      cols: 1
      dt: d
      data: [ -2.5107283145189285e-03, 3.0799999833106995e-01,
          5.1490753889083862e-01 ]
   K: !!opencv-matrix
      rows: 3
      cols: 3
      dt: f
      data: [ 5.35566040e+02, 0., 320., 0., 5.37168091e+02, 240., 0., 0.,
          1. ]
   D: 4.7000050544738770e-02
   Ori_dist: 6.0000002384185791e-01
   Rect: [ 249, 194, 142, 96 ]
Template 28:
   ID: 28
   R: !!opencv-matrix
      rows: 3
      cols: 3
      dt: d
      data: [ -1.2829498045310253e-01, -8.5137011110437710e-01,
          5.0863477261062195e-01, 9.9172722437122729e-01,
          -1.0797167007240799e-01, 6.9420680655815095e-02,
          -4.1845467472144621e-03, 5.1333327612760127e-01,
          8.5817914049959576e-01 ]
   T: !!opencv-matrix
      rows: 3
      cols: 1
      dt: d
      data: [ -2.5107283145189285e-03, 3.0799999833106995e-01,
          5.1490753889083862e-01 ]
   K: !!opencv-matrix
      rows: 3
      cols: 3
      dt: f
      data: [ 5.35566040e+02, 0., 320., 0., 5.37168091e+02, 240., 0., 0.,
          1. ]
   D: 4.7000050544738770e-02
   Ori_dist: 6.0000002384185791e-01
   Rect: [ 246, 188, 148, 103 ]
Template 29:
   ID: 29
   R: !!opencv-matrix
      rows: 3
      cols: 3
      dt: d
      data: [ -2.9855771906812745e-01, -8.1968674845023570e-01,
          4.8885265960196794e-01, 9.5438240656110040e-01,
          -2.5417037993280073e-01, 1.5668962955938803e-01,
          -4.1845467472144552e-03, 5.1333327612760127e-01,
          8.5817914049959565e-01 ]
   T: !!opencv-matrix
      rows: 3
      cols: 1
      dt: d
      data: [ -2.5107283145189285e-03, 3.0799999833106995e-01,
          5.1490753889083862e-01 ]
   K: !!opencv-matrix
      rows: 3
      cols: 3
      dt: f
      data: [ 5.35566040e+02, 0., 320., 0., 5.37168091e+02, 240., 0., 0.,
          1. ]
   D: 4.7000050544738770e-02
   Ori_dist: 6.0000002384185791e-01
   Rect: [ 242, 179, 156, 122 ]
Template 30:
   ID: 30
   R: !!opencv-matrix
      rows: 3
      cols: 3
      dt: d
      data: [ -4.5974870331517015e-01, -7.6309764995366614e-01,
          4.5421702569940187e-01, 8.8803919922970720e-01,
          -3.9264605467939634e-01, 2.3919752585711343e-01,
          -4.1845467472144673e-03, 5.1333327612760116e-01,
          8.5817914049959532e-01 ]
   T: !!opencv-matrix
      rows: 3
      cols: 1
      dt: d
      data: [ -2.5107283145189285e-03, 3.0799999833106995e-01,
          5.1490753889083862e-01 ]
   K: !!opencv-matrix
      rows: 3
      cols: 3
      dt: f
      data: [ 5.35566040e+02, 0., 320., 0., 5.37168091e+02, 240., 0., 0.,
          1. ]
   D: 4.7000050544738770e-02
   Ori_dist: 6.0000002384185791e-01
   Rect: [ 240, 171, 160, 138 ]
Template 31:
   ID: 31
   R: !!opencv-matrix
      rows: 3
      cols: 3
      dt: d
      data: [ -6.0697038172537532e-01, -6.8332227177547655e-01,
          4.0578027133382666e-01, 7.9471343594824950e-01,
          -5.1919131398330010e-01, 3.1443748855316478e-01,
          -4.1845467472144682e-03, 5.1333327612760127e-01,
          8.5817914049959554e-01 ]
   T: !!opencv-matrix
      rows: 3
      cols: 1
      dt: d
      data: [ -2.5107283145189285e-03, 3.0799999833106995e-01,
          5.1490753889083862e-01 ]
   K: !!opencv-matrix
      rows: 3
      cols: 3
      dt: f
      data: [ 5.35566040e+02, 0., 320., 0., 5.37168091e+02, 240., 0., 0.,
          1. ]
   D: 4.7000050544738770e-02
   Ori_dist: 6.0000002384185791e-01
   Rect: [ 240, 165, 160, 150 ]
Template 32:
   ID: 32
   R: !!opencv-matrix
      rows: 3
      cols: 3
      dt: d
      data: [ -7.3574929649329879e-01, -5.8278480010284173e-01,
          3.4501427431152315e-01, 6.7724106659160632e-01,
          -6.2996097052848832e-01, 3.8012328701707931e-01,
          -4.1845467472144135e-03, 5.1333327612760138e-01,
          8.5817914049959576e-01 ]
   T: !!opencv-matrix
      rows: 3
      cols: 1
      dt: d
      data: [ -2.5107283145189285e-03, 3.0799999833106995e-01,
          5.1490753889083862e-01 ]
   K: !!opencv-matrix
      rows: 3
      cols: 3
      dt: f
      data: [ 5.35566040e+02, 0., 320., 0., 5.37168091e+02, 240., 0., 0.,
          1. ]
   D: 4.7000050544738770e-02
   Ori_dist: 6.0000002384185791e-01
   Rect: [ 243, 161, 154, 158 ]
Template 33:
   ID: 33
   R: !!opencv-matrix
      rows: 3
      cols: 3
      dt: d
      data: [ -8.4217291220977097e-01, -4.6453991854763910e-01,
          2.7376531923504593e-01, 5.3919131624000971e-01,
          -7.2158964217611721e-01, 4.3425926909567419e-01,
          -4.1845467472143858e-03, 5.1333327612760138e-01,
          8.5817914049959576e-01 ]
   T: !!opencv-matrix
      rows: 3
      cols: 1
      dt: d
      data: [ -2.5107283145189285e-03, 3.0799999833106995e-01,
          5.1490753889083862e-01 ]
   K: !!opencv-matrix
      rows: 3
      cols: 3
      dt: f
      data: [ 5.35566040e+02, 0., 320., 0., 5.37168091e+02, 240., 0., 0.,
          1. ]
   D: 4.7000050544738770e-02
   Ori_dist: 6.0000002384185791e-01
   Rect: [ 248, 159, 144, 162 ]
Template 34:
   ID: 34
   R: !!opencv-matrix
      rows: 3
      cols: 3
      dt: d
      data: [ 9.7573956505500004e-01, 1.8994995177005503e-01,
          -1.0886375433923182e-01, -2.1889447401951745e-01,
          8.3690379643997448e-01, -5.0167444099542891e-01,
          -4.1845465701391823e-03, 5.1333327510196636e-01,
          8.5817914111395832e-01 ]
   T: !!opencv-matrix
      rows: 3
      cols: 1
      dt: d
      data: [ -2.9291829559952021e-03, 3.5933333635330200e-01,
          6.0072547197341919e-01 ]
   K: !!opencv-matrix
      rows: 3
      cols: 3
      dt: f
      data: [ 5.35566040e+02, 0., 320., 0., 5.37168091e+02, 240., 0., 0.,
          1. ]
   D: 4.7000050544738770e-02
   Ori_dist: 7.0000004768371582e-01
   Rect: [ 272, 174, 96, 132 ]
Template 35:
   ID: 35
   R: !!opencv-matrix
      rows: 3
      cols: 3
      dt: d
      data: [ 9.9892649357332364e-01, 4.1737766055268424e-02,
          -2.0095256206882326e-02, -4.6134043908017598e-02,
          8.5717379075529632e-01, -5.1295686215790937e-01,
          -4.1845465701391762e-03, 5.1333327510196636e-01,
          8.5817914111395832e-01 ]
   T: !!opencv-matrix
      rows: 3
      cols: 1
      dt: d
      data: [ -2.9291829559952021e-03, 3.5933333635330200e-01,
          6.0072547197341919e-01 ]
   K: !!opencv-matrix
      rows: 3
      cols: 3
      dt: f
      data: [ 5.35566040e+02, 0., 320., 0., 5.37168091e+02, 240., 0., 0.,
          1. ]
   D: 4.7000050544738770e-02
   Ori_dist: 7.0000004768371582e-01
   Rect: [ 278, 179, 81, 123 ]
Template 36:
   ID: 36
   R: !!opencv-matrix
      rows: 3
      cols: 3
      dt: d
      data: [ 9.9176169379518453e-01, -1.0774268798103426e-01,
          6.9283879128756595e-02, 1.2802824801780657e-01,
          8.5139912018965014e-01, -5.0865342410110692e-01,
          -4.1845465701391693e-03, 5.1333327510196647e-01,
          8.5817914111395832e-01 ]
   T: !!opencv-matrix
      rows: 3
      cols: 1
      dt: d
      data: [ -2.9291829559952021e-03, 3.5933333635330200e-01,
          6.0072547197341919e-01 ]
   K: !!opencv-matrix
      rows: 3
      cols: 3
      dt: f
      data: [ 5.35566040e+02, 0., 320., 0., 5.37168091e+02, 240., 0., 0.,
          1. ]
   D: 4.7000050544738770e-02
   Ori_dist: 7.0000004768371582e-01
   Rect: [ 276, 176, 88, 128 ]
Template 37:
   ID: 37
   R: !!opencv-matrix
      rows: 3
      cols: 3
      dt: d
      data: [ 9.5446274784821106e-01, -2.5394969997525491e-01,
          1.5655801752871096e-01, 2.9830077529239596e-01,
          8.1975514548892403e-01, -4.8889482396972522e-01,
          -4.1845465701392109e-03, 5.1333327510196636e-01,
          8.5817914111395843e-01 ]
   T: !!opencv-matrix
      rows: 3
      cols: 1
      dt: d
      data: [ -2.9291829559952021e-03, 3.5933333635330200e-01,
          6.0072547197341919e-01 ]
   K: !!opencv-matrix
      rows: 3
      cols: 3
      dt: f
      data: [ 5.35566040e+02, 0., 320., 0., 5.37168091e+02, 240., 0., 0.,
          1. ]
   D: 4.7000050544738770e-02
   Ori_dist: 7.0000004768371582e-01
   Rect: [ 268, 173, 104, 135 ]
Template 38:
   ID: 38
   R: !!opencv-matrix
      rows: 3
      cols: 3
      dt: d
      data: [ 8.8816294311574162e-01, -3.9244059547887228e-01,
          2.3907522978379001e-01, 4.5950960386697715e-01,
          7.6320333312510968e-01, -4.5428140646601067e-01,
          -4.1845465701391693e-03, 5.1333327510196647e-01,
          8.5817914111395843e-01 ]
   T: !!opencv-matrix
      rows: 3
      cols: 1
      dt: d
      data: [ -2.9291829559952021e-03, 3.5933333635330200e-01,
          6.0072547197341919e-01 ]
   K: !!opencv-matrix
      rows: 3
      cols: 3
      dt: f
      data: [ 5.35566040e+02, 0., 320., 0., 5.37168091e+02, 240., 0., 0.,
          1. ]
   D: 4.7000050544738770e-02
   Ori_dist: 7.0000004768371582e-01
   Rect: [ 261, 171, 118, 138 ]
Template 39:
   ID: 39
   R: !!opencv-matrix
      rows: 3
      cols: 3
      dt: d
      data: [ 7.9487664645120049e-01, -5.1900752225574021e-01,
          3.1432834547404431e-01, 6.0675662872068825e-01,
          6.8346187934298575e-01, -4.0586482107773086e-01,
          -4.1845465701391407e-03, 5.1333327510196636e-01,
          8.5817914111395810e-01 ]
   T: !!opencv-matrix
      rows: 3
      cols: 1
      dt: d
      data: [ -2.9291829559952021e-03, 3.5933333635330200e-01,
          6.0072547197341919e-01 ]
   K: !!opencv-matrix
      rows: 3
      cols: 3
      dt: f
      data: [ 5.35566040e+02, 0., 320., 0., 5.37168091e+02, 240., 0., 0.,
          1. ]
   D: 4.7000050544738770e-02
   Ori_dist: 7.0000004768371582e-01
   Rect: [ 256, 171, 128, 138 ]
Template 40:
   ID: 40
   R: !!opencv-matrix
      rows: 3
      cols: 3
      dt: d
      data: [ 6.7743828343165491e-01, -6.2980471426679052e-01,
          3.8003078036982590e-01, 7.3556771388579500e-01,
          5.8295366073163568e-01, -3.4511616555648300e-01,
          -4.1845465701391407e-03, 5.1333327510196636e-01,
          8.5817914111395832e-01 ]
   T: !!opencv-matrix
      rows: 3
      cols: 1
      dt: d
      data: [ -2.9291829559952021e-03, 3.5933333635330200e-01,
          6.0072547197341919e-01 ]
   K: !!opencv-matrix
      rows: 3
      cols: 3
      dt: f
      data: [ 5.35566040e+02, 0., 320., 0., 5.37168091e+02, 240., 0., 0.,
          1. ]
   D: 4.7000050544738770e-02
   Ori_dist: 7.0000004768371582e-01
   Rect: [ 252, 174, 136, 133 ]
Template 41:
   ID: 41
   R: !!opencv-matrix
      rows: 3
      cols: 3
      dt: d
      data: [ 5.3941616286332505e-01, -7.2146558173339281e-01,
          4.3418615548621931e-01, 8.4202891447491790e-01,
          4.6473257153677722e-01, -2.7388125920005046e-01,
          -4.1845465701391407e-03, 5.1333327510196625e-01,
          8.5817914111395832e-01 ]
   T: !!opencv-matrix
      rows: 3
      cols: 1
      dt: d
      data: [ -2.9291829559952021e-03, 3.5933333635330200e-01,
          6.0072547197341919e-01 ]
   K: !!opencv-matrix
      rows: 3
      cols: 3
      dt: f
      data: [ 5.35566040e+02, 0., 320., 0., 5.37168091e+02, 240., 0., 0.,
          1. ]
   D: 4.7000050544738770e-02
   Ori_dist: 7.0000004768371582e-01
   Rect: [ 251, 178, 138, 124 ]
Template 42:
   ID: 42
   R: !!opencv-matrix
      rows: 3
      cols: 3
      dt: d
      data: [ 3.8500399784985762e-01, -7.9120501920341946e-01,
          4.7514896530134937e-01, 9.2290541834449580e-01,
          3.3239068317328807e-01, -1.9432452889423327e-01,
          -4.1845465701391684e-03, 5.1333327510196636e-01,
          8.5817914111395832e-01 ]
   T: !!opencv-matrix
      rows: 3
      cols: 1
      dt: d
      data: [ -2.9291829559952021e-03, 3.5933333635330200e-01,
          6.0072547197341919e-01 ]
   K: !!opencv-matrix
      rows: 3
      cols: 3
      dt: f
      data: [ 5.35566040e+02, 0., 320., 0., 5.37168091e+02, 240., 0., 0.,
          1. ]
   D: 4.7000050544738770e-02
   Ori_dist: 7.0000004768371582e-01
   Rect: [ 252, 184, 137, 112 ]
Template 43:
   ID: 43
   R: !!opencv-matrix
      rows: 3
      cols: 3
      dt: d
      data: [ 2.1889362543702562e-01, -8.3690396163557068e-01,
          5.0167453567200582e-01, 9.7573975542305225e-01,
          1.8994922393043964e-01, -1.0886331804233346e-01,
          -4.1845465701391979e-03, 5.1333327510196658e-01,
          8.5817914111395854e-01 ]
   T: !!opencv-matrix
      rows: 3
      cols: 1
      dt: d
      data: [ -2.9291829559952021e-03, 3.5933333635330200e-01,
          6.0072547197341919e-01 ]
   K: !!opencv-matrix
      rows: 3
      cols: 3
      dt: f
      data: [ 5.35566040e+02, 0., 320., 0., 5.37168091e+02, 240., 0., 0.,
          1. ]
   D: 4.7000050544738770e-02
   Ori_dist: 7.0000004768371582e-01
   Rect: [ 254, 192, 132, 96 ]
Template 44:
   ID: 44
   R: !!opencv-matrix
      rows: 3
      cols: 3
      dt: d
      data: [ 4.6132324995714735e-02, -8.5717386257468398e-01,
          5.1295689673625267e-01, 9.9892657295743814e-01,
          4.1736291065279388e-02, -2.0094373531468711e-02,
          -4.1845465701391693e-03, 5.1333327510196636e-01,
          8.5817914111395843e-01 ]
   T: !!opencv-matrix
      rows: 3
      cols: 1
      dt: d
      data: [ -2.9291829559952021e-03, 3.5933333635330200e-01,
          6.0072547197341919e-01 ]
   K: !!opencv-matrix
      rows: 3
      cols: 3
      dt: f
      data: [ 5.35566040e+02, 0., 320., 0., 5.37168091e+02, 240., 0., 0.,
          1. ]
   D: 4.7000050544738770e-02
   Ori_dist: 7.0000004768371582e-01
   Rect: [ 259, 201, 122, 81 ]
Template 45:
   ID: 45
   R: !!opencv-matrix
      rows: 3
      cols: 3
      dt: d
      data: [ -1.2803062742523344e-01, -8.5139886169386059e-01,
          5.0865325787563664e-01, 9.9176138663042490e-01,
          -1.0774473063443443e-01, 6.9285099476076167e-02,
          -4.1845465701391684e-03, 5.1333327510196647e-01,
          8.5817914111395810e-01 ]
   T: !!opencv-matrix
      rows: 3
      cols: 1
      dt: d
      data: [ -2.9291829559952021e-03, 3.5933333635330200e-01,
          6.0072547197341919e-01 ]
   K: !!opencv-matrix
      rows: 3
      cols: 3
      dt: f
      data: [ 5.35566040e+02, 0., 320., 0., 5.37168091e+02, 240., 0., 0.,
          1. ]
   D: 4.7000050544738770e-02
   Ori_dist: 7.0000004768371582e-01
   Rect: [ 256, 196, 128, 88 ]
Template 46:
   ID: 46
   R: !!opencv-matrix
      rows: 3
      cols: 3
      dt: d
      data: [ -2.9830325560626392e-01, -8.1975448555970010e-01,
          4.8889441712854015e-01, 9.5446197266559862e-01,
          -2.5395183023132573e-01, 1.5655928799484750e-01,
          -4.1845465701392240e-03, 5.1333327510196625e-01,
          8.5817914111395821e-01 ]
   T: !!opencv-matrix
      rows: 3
      cols: 1
      dt: d
      data: [ -2.9291829559952021e-03, 3.5933333635330200e-01,
          6.0072547197341919e-01 ]
   K: !!opencv-matrix
      rows: 3
      cols: 3
      dt: f
      data: [ 5.35566040e+02, 0., 320., 0., 5.37168091e+02, 240., 0., 0.,
          1. ]
   D: 4.7000050544738770e-02
   Ori_dist: 7.0000004768371582e-01
   Rect: [ 253, 188, 134, 104 ]
Template 47:
   ID: 47
   R: !!opencv-matrix
      rows: 3
      cols: 3
      dt: d
      data: [ -4.5951192031832766e-01, -7.6320230958266888e-01,
          4.5428078292289920e-01, 8.8816174464754161e-01,
          -3.9244258601834797e-01, 2.3907641461228740e-01,
          -4.1845465701391962e-03, 5.1333327510196636e-01,
          8.5817914111395821e-01 ]
   T: !!opencv-matrix
      rows: 3
      cols: 1
      dt: d
      data: [ -2.9291829559952021e-03, 3.5933333635330200e-01,
          6.0072547197341919e-01 ]
   K: !!opencv-matrix
      rows: 3
      cols: 3
      dt: f
      data: [ 5.35566040e+02, 0., 320., 0., 5.37168091e+02, 240., 0., 0.,
          1. ]
   D: 4.7000050544738770e-02
   Ori_dist: 7.0000004768371582e-01
   Rect: [ 251, 181, 138, 118 ]
Template 48:
   ID: 48
   R: !!opencv-matrix
      rows: 3
      cols: 3
      dt: d
      data: [ -6.0675852458772417e-01, -6.8346064145066854e-01,
          4.0586407136868935e-01, 7.9487519926723715e-01,
          -5.1900915238647716e-01, 3.1432931350566090e-01,
          -4.1845465701391962e-03, 5.1333327510196636e-01,
          8.5817914111395832e-01 ]
   T: !!opencv-matrix
      rows: 3
      cols: 1
      dt: d
      data: [ -2.9291829559952021e-03, 3.5933333635330200e-01,
          6.0072547197341919e-01 ]
   K: !!opencv-matrix
      rows: 3
      cols: 3
      dt: f
      data: [ 5.35566040e+02, 0., 320., 0., 5.37168091e+02, 240., 0., 0.,
          1. ]
   D: 4.7000050544738770e-02
   Ori_dist: 7.0000004768371582e-01
   Rect: [ 251, 176, 138, 128 ]
Template 49:
   ID: 49
   R: !!opencv-matrix
      rows: 3
      cols: 3
      dt: d
      data: [ -7.3556884113029686e-01, -5.8295261274673948e-01,
          3.4511553319139721e-01, 6.7743705945883614e-01,
          -6.2980568429067008e-01, 3.8003135463659637e-01,
          -4.1845465701392257e-03, 5.1333327510196647e-01,
          8.5817914111395854e-01 ]
   T: !!opencv-matrix
      rows: 3
      cols: 1
      dt: d
      data: [ -2.9291829559952021e-03, 3.5933333635330200e-01,
          6.0072547197341919e-01 ]
   K: !!opencv-matrix
      rows: 3
      cols: 3
      dt: f
      data: [ 5.35566040e+02, 0., 320., 0., 5.37168091e+02, 240., 0., 0.,
          1. ]
   D: 4.7000050544738770e-02
   Ori_dist: 7.0000004768371582e-01
   Rect: [ 254, 172, 132, 136 ]
Template 50:
   ID: 50
   R: !!opencv-matrix
      rows: 3
      cols: 3
      dt: d
      data: [ -8.4202939398914267e-01, -4.6473193018901676e-01,
          2.7388087322970917e-01, 5.3941541434063556e-01,
          -7.2146599485760909e-01, 4.3418639895307720e-01,
          -4.1845465701392248e-03, 5.1333327510196647e-01,
          8.5817914111395832e-01 ]
   T: !!opencv-matrix
      rows: 3
      cols: 1
      dt: d
      data: [ -2.9291829559952021e-03, 3.5933333635330200e-01,
          6.0072547197341919e-01 ]
   K: !!opencv-matrix
      rows: 3
      cols: 3
      dt: f
      data: [ 5.35566040e+02, 0., 320., 0., 5.37168091e+02, 240., 0., 0.,
          1. ]
   D: 4.6000063419342041e-02
   Ori_dist: 7.0000004768371582e-01
   Rect: [ 258, 171, 124, 138 ]
Template 51:
   ID: 51
   R: !!opencv-matrix
      rows: 3
      cols: 3
      dt: d
      data: [ 9.7594357786725505e-01, 1.8916823211915515e-01,
          -1.0839516952602034e-01, -2.1798307821711546e-01,
          8.3708082121883709e-01, -5.0177592245801161e-01,
          -4.1845466483441960e-03, 5.1333330176846226e-01,
          8.5817912516259509e-01 ]
   T: !!opencv-matrix
      rows: 3
      cols: 1
      dt: d
      data: [ -3.3476378303021193e-03, 4.1066670417785645e-01,
          6.8654340505599976e-01 ]
   K: !!opencv-matrix
      rows: 3
      cols: 3
      dt: f
      data: [ 5.35566040e+02, 0., 320., 0., 5.37168091e+02, 240., 0., 0.,
          1. ]
   D: 4.7000050544738770e-02
   Ori_dist: 8.0000007152557373e-01
   Rect: [ 278, 182, 84, 116 ]
Template 52:
   ID: 52
   R: !!opencv-matrix
      rows: 3
      cols: 3
      dt: d
